## This is a Pviz3 text input file
## 213 solvent data
 
POINTS
10008 -0.97723392847004 0.57940487022491 0.552275719422262 7
10027 -0.556035195913356 -0.999510936561657 -0.111714499112364 1
1030 0.999252250436626 -0.778528579051672 -0.333333761823036 14
1031 0.611047616636869 -0.995914706133234 -0.50410829279151 11
1032 0.845047657684857 -0.7108325700415 -0.111256180485356 16
10405 -0.115249360678423 -0.685849241398846 -0.641627232289119 11
1049 -0.111110964038793 0.999929882222885 0.99997133021586 7
10899 -0.110311654605655 -0.999999262674092 0.557800484288666 1
10907 0.141675794766311 -0.742445419450383 0.554421961749341 1
10962 -0.296618332301996 -0.999797786464423 0.373090920268903 1
10977 -0.56204389739183 -0.99338993174456 0.111051383244303 1
10992 -0.556402451516513 -0.999151619769658 -0.079702974199073 1
11 0.208199749175111 -0.999675604316817 0.779084259358339 1
11006 -0.546075495310413 -0.786357446159562 -0.33367681434138 2
11007 -0.55616429269114 -0.999391343568985 -0.111065165898972 2
11124 0.789142526004591 -0.108630876571574 -0.32098001418727 11
11251 0.557373890856381 -0.351391302147834 0.540704830538315 11
1140 -0.773246958368624 0.557749303122631 0.494927025806381 7
11575 -0.993864841584938 0.557083898300364 0.545834691407638 7
11583 -0.0959577702537402 -0.716744186644457 -0.386926714872663 11
11594 -0.359088402407122 -0.755351199811207 -0.109536740753628 1
11597 -0.771863259275428 -0.341724112675026 0.332583924833664 1
12232 0.41595507534878 -0.550542529753568 0.780632657250495 12
12335 -0.569925195982987 -0.985510555587092 0.111102656222612 1
12348 0.372461829887678 -0.106341543026358 -0.960926351188815 11
12375 0.552802883417177 -0.0993550502509918 -0.9844169015574 11
12391 -0.546075495310413 -0.786357446159562 -0.33367681434138 2
12732 -0.202838672992903 -0.91780921376694 0.294389107111863 1
13387 0.77832855257094 0.9994463000255 0.333350660899861 11
14257 -0.546075495310413 -0.786357446159562 -0.33367681434138 19
15413 0.77780364023076 -0.343944594256174 0.334954808830342 11
15600 -0.546075495310413 -0.786357446159562 -0.33367681434138 19
16628 -0.999784057215088 -0.111136216076768 -0.33140743650999 1
174 0.999999312756309 -0.999899626170269 -0.324576483772386 14
176 0.999981451701663 -0.554861282276185 0.311276713471254 16
180 0.609390372966196 -0.431367301818235 0.53728991143823 11
20083 0.11159211040923 -0.83338655788024 -0.731863475341703 11
22386 0.333655155665115 -0.91768606442315 -0.415726916448353 11
23424235 0.334356246416879 -0.999999557532044 0.999644624947944 1
240 -0.767433433244805 0.78803637301569 0.110940475078989 7
241 -0.999983129659562 0.5518895386151 0.0985925735992538 7
244 -0.778886097446223 0.998872275069618 -0.171722655156454 7
261 0.113211089059638 -0.999922027247223 0.0840289905506985 11
263 0.555580103934319 -0.99913447066384 -0.55693355006544 11
264 0.580685695771189 -0.87740121385678 -0.429183257036256 16
27867 -0.125009674313651 0.188414556060874 -0.77770492923977 16
284 0.999992454700915 -0.556790017792133 0.33324661784598 15
3024 0.327993565805411 -0.98260206196086 0.795181778147373 1
31246 -0.12288043028659 -0.687924964965384 -0.609181637140593 11
31254 0.995698617478872 -0.111073245773562 0.779240009375805 16
31260 0.568332713108434 -0.799342072292323 -0.526777910930947 11
31272 0.559280347189756 -0.102478403438473 -0.77437154770297 11
31275 -0.333369331586079 0.999670264824162 -0.999149661918095 16
31347 -0.555548376682808 0.778024273079724 -0.99975347195577 3
31357 0.999322749186514 0.114191689028655 -0.552769032581017 21
31373 0.555629807550517 -0.777784415875956 0.999976158201284 1
31374 0.777304359507958 0.112654035237563 0.777400677377512 11
3283 0.99757737932727 -0.11108679513306 -0.335722914759705 1
3301 -0.33380988364519 -0.777271634489953 0.999999984009083 13
335 -0.777707244215922 0.777848568804488 -0.108613903420237 7
33643 -0.111167682991023 -0.999997509526787 0.55581558330089 1
342 -0.7777626083362 0.777792303247588 -0.110800724086598 7
356 -0.546075495310413 -0.786357446159562 -0.33367681434138 1
3776 0.777089865172662 -0.556038147193961 0.33272597319556 11
398 0.999867581568184 0.541148698607074 0.782011192862904 3
527 0.393204132495609 -0.828884074682083 0.27660368772695 11
5326161 -0.600586520973716 -0.288156326745603 0.479179289394499 1
5558 0.555913476957684 -0.778590984097515 0.999001127280309 1
5943 0.768856421944636 -0.778131699621066 0.999551848953264 1
6054 -0.777893925626273 0.999863205986553 -0.550236437104076 7
6115 -0.117762653946954 0.783481038168738 0.997719512007182 9
6212 0.564914225800207 -0.778923410313532 0.998796348462046 1
6228 0.778643517777637 0.110982988841641 0.776983656453374 3
6276 0.337507909294534 -0.998279140921722 -0.787009271757506 11
6278 0.556241456437337 -0.778348291519227 0.998799556336022 1
6328 0.432545346562901 -0.640417982903065 0.921250090314692 1
6332 0.110910060782892 -0.994710362961169 0.781785785396045 1
6340 0.110848293172366 -0.995700631570984 0.781351571296446 1
6342 0.328448417351926 -0.552681562578424 0.999903194158007 6
6343 -0.108587575808964 -0.780578262652655 0.774988420659262 1
6344 0.33299176452898 -0.989418453811377 0.789004540921714 1
6346 0.315564431331559 -0.977311740067498 0.800482900739425 1
6348 0.535732021106791 -0.629059905027124 0.926262829109917 10
6358 0.544965451039733 -0.772263365782305 0.782311412358466 1
6365 0.549722771696841 -0.777898322691638 0.99768163424844 1
6366 0.555617304506528 -0.777786636794054 0.99997785249529 1
6375 0.999999874336535 0.336618565171782 0.996710177858475 3
638186 0.54977494871914 -0.777530819993468 0.999806587646879 1
6386 0.777358630079784 -0.555556781491991 0.333317954269382 11
6409 0.999999999997116 -0.999999999999996 0.333269517472755 4
6422 0.999999997701306 -0.777778629313793 0.555550012398817 4
6555 0.110274922576567 -0.785606614797603 0.768950383383411 1
6560 0.784359774706412 -0.771278881102139 -0.111307020397707 11
6563 0.131497513184863 -0.992078950151348 0.563426817546907 1
6568 0.555424723161929 -0.781606052637273 -0.254013500035495 11
6569 0.202519426837006 -0.777281709974506 0.0809003885513976 11
6574 0.333430197849833 -0.999769179652213 0.989849873878906 1
6575 0.555629807550517 -0.777784415875956 0.999976158201284 1
6587 0.999976054758462 0.777815124039018 0.55556541327561 3
679 0.83507479278595 -0.112705714708409 0.71817791838899 16
6944 0.333333233359947 0.999999999998392 0.999999998418706 5
7002 -0.774750926455444 0.566432468888914 0.505577595554666 7
702 0.88389256298592 -0.893865793895862 -0.111111495723396 11
7044 -0.999999999293504 0.11111128559504 -0.77643674466807 1
7047 -0.111111113716217 0.999999999092602 0.999999999538121 7
713 0.969045803493892 -0.113440729856308 0.809059626275611 15
7150 -0.333017435767505 0.999999800375503 0.0316120341453132 7
7237 -0.69533653887705 0.559948090192982 0.426827278719014 7
7238 -0.780273299589323 0.557683418955631 0.77314918804613 7
7239 -0.99358664252588 0.558491062113271 0.55894618845051 7
7247 -0.578924091885594 0.555912768933187 0.532043062657 7
7288 0.211533865288602 -0.776780479542324 0.0728544950633427 11
7298 -0.999370307085342 0.555915097514417 -0.778022210937651 11
7301 -0.348494011254579 0.555249943371496 -0.99999996864856 11
7362 -0.555454458594178 0.999824033616014 -0.333446680925942 3
7366 -0.556653947399206 0.555748883080345 0.552681327772785 7
7368 -0.844743956853299 0.722588876751076 0.594365713896059 8
7406 -0.570373743470712 0.555147193865597 0.540052666291154 7
7410 -0.643727139438958 0.69283795662223 0.123216025638424 7
7416 0.333333329729495 0.9999999999998 0.999999999989659 5
7463 -0.557026030867824 0.552403316231037 0.549447662281919 7
7500 -0.780405232866454 0.32897785583099 0.553612600996136 7
7503 -0.999531376530719 0.33334599065816 0.556504477737915 7
7505 -0.86851315873249 0.610976837672974 0.380870524343612 7
7515 -0.111137934801774 0.779140513988308 0.998324164725723 7
7519 -0.513734041413273 0.932614175847688 -0.10812326988369 7
753 0.999999995864424 -0.99999870618557 -0.328372803601716 14
7583 -0.560352150591152 0.995206802052211 -0.111898843396083 7
7674 -0.333309267833992 0.999959060219449 -0.340329038292113 7
7705 -0.99998192785168 0.084896924972157 0.333269057000832 7
7766 0.999515981452037 0.0944079203696754 -0.333816517013615 11
7809 -0.712713759110901 0.552811865364356 0.403283108299801 7
7839 0.122988337671165 -0.99934184809389 0.778462231338171 1
7840 -0.111106366667957 -0.999997533793007 0.555655276513382 1
7852 -0.55625479293735 -0.776976327613839 0.777852621517968 11
7854 -0.116143772858173 -0.675604985513835 0.852961770895949 7
7858 0.99971239345133 -0.999471941826524 0.108021724829886 11
7865 0.999999868418347 -0.333183945893162 0.321133333789841 16
7892 -0.383217949584052 -0.712218138623798 0.14505964326927 1
7895 0.0516166508658727 -0.772354227447126 -0.219989801591018 11
7903 0.999999983566698 0.999662597289361 0.555555556278903 3
7907 0.0238019171838816 -0.637927743651107 0.541857798827972 1
7909 0.374931249867704 -0.556407476772015 0.13811274956263 11
7912 0.294351413659726 -0.121601225291369 0.99997694719525 11
7914 0.762886361887758 -0.364350302418043 0.333188449185179 11
7915 0.777648905694938 -0.261676462951481 0.129648359076957 11
7929 -0.712713759110901 0.552811865364356 0.403283108299801 7
7936 -0.111111191786185 0.866212403728287 0.949607370118218 7
7937 -0.11110934649004 0.832339996738364 0.953138914141324 7
7947 -0.586014214599272 0.554762854978854 0.525112579353467 7
7961 -0.990047914036255 0.562015427482564 0.528392327692909 7
7962 -0.999999934994422 -0.111001012923532 -0.33811810264554 1
7963 -0.111112331781938 0.999784581057656 0.99995613463976 7
7964 -0.995433042931227 0.557802652635483 0.556854306139637 7
7966 -0.99998827131273 0.555555545593757 -0.777789543551819 11
7967 -0.782865233546645 0.344904044883859 -0.773199143967974 11
7969 -0.999618130916424 0.555907114139044 0.113208161156636 7
7970 -0.111112331781938 0.999784581057656 0.99995613463976 7
7975 -0.111109641106951 0.999923694565478 0.999994792801613 7
7991 0.555033573835237 -0.779901125190381 -0.554103561332288 11
7997 0.559280347189756 -0.102478403438473 -0.77437154770297 11
8003 -0.352836722232823 -0.758987102723861 0.164197197976381 1
8004 -0.77540389682041 -0.335389005361819 0.334793144027003 1
8005 -0.178033038878272 -0.999990781664966 0.490023969492627 1
8007 -0.558029063442512 -0.775535094159937 0.777542865868877 11
8008 -0.371030561862886 -0.73993449085716 0.555601131248453 7
8019 0.996755735186507 -0.555562297795783 -0.558788876687895 17
8020 0.99999791003977 -0.110926735272383 -0.314814044361377 16
8021 -0.5318085294106 -0.578202425845331 0.777915392029148 11
8025 0.999999871038693 -0.112884470823089 -0.332553473820784 16
8028 -0.555374242823876 0.778091107577797 -0.999686669759015 11
8030 -0.999986548418723 0.554777724922613 -0.133484523834228 7
8038 0.778876133258211 -0.0562218710913711 -0.33260643050478 11
8051 -0.113675185289595 -0.638189230351039 -0.52641657092842 11
8057 -0.568623479558901 -0.98635289124856 0.11109076241921 1
8058 -0.557679496516893 -0.775381637334557 -0.110344289830337 1
8060 -0.768514743318667 -0.787040975772689 0.555517092114675 11
8063 0.107285450716251 -0.999272686380385 -0.096399234877450 11
8071 0.913247909119597 -0.111210637185892 -0.424381665177616 11
8076 0.556574845810943 -0.555183018575018 -0.999989991271748 17
8078 -0.999999998374602 0.332847421237754 -0.544912996527002 1
8083 -0.555555560565958 0.999999995201677 -0.999999999999685 16
8093 -0.115757612939601 -0.648709247447492 -0.679646912978232 11
8103 0.333333349631937 -0.999516702021855 -0.99759019916239 11
8105 0.994145015398285 -0.999999970155219 -0.339187787349595 17
8114 0.328973041642453 -0.143426797744857 -0.999999989120748 11
8129 0.333333328520127 -0.999987802610106 -0.999993497986323 11
8133 0.555558648833009 -0.555621975710981 -0.999999999986153 11
8140 -0.556170035139491 -0.999384803637282 -0.111093817168016 19
8141 -0.546075495310413 -0.786357446159562 -0.33367681434138 1
81531 -0.333572938081481 -0.555437765974258 0.777528497033253 11
8174 0.333333328520127 -0.999987802610106 -0.999993497986323 11
8182 -0.546075495310413 -0.786357446159562 -0.33367681434138 19
8404 -0.999999997125554 0.555218231157333 0.111057970843842 7
8452 -0.777652294381601 0.554437396605259 -0.765910666980372 11
8471 -0.338207756425895 -0.55561531684837 0.774503325588922 11
8680 -0.777731947117323 0.112823153693952 0.555125945794441 7
8857 0.994121903226487 -0.106962576396419 -0.338613269709208 11
887 0.989865288272623 -0.565741328054707 0.333340883340932 18
8892 0.333332549606315 -0.779359453181999 -0.776284035457875 11
8900 -0.552582157268626 -0.780109172148869 -0.138699210199028 1
8902 -0.761461576134317 -0.794043631221692 0.33363127375356 11
8909 0.330394457859987 -0.163892778178563 -0.999999999221803 11
8914 0.333333328520127 -0.999987802610106 -0.999993497986323 11
9253 -0.99999985712189 0.333341348206153 -0.492363287001113 1
9386 0.778401336989788 -0.777623840357855 0.999219665292171 20
9387 0.77642867788396 -0.778096965680506 0.99818882529691 20
9553 0.77642867788396 -0.778096965680506 0.99818882529691 20
957 0.333333328520127 -0.999987802610106 -0.999993497986323 11
9609 -0.141433117109501 -0.776468611904161 0.555660763941496 11
9639 0.77642867788396 -0.778096965680506 0.99818882529691 20
9805 -0.966550605439351 0.587689596455809 0.55680202589985 8
9906 -0.782195952659129 0.784273228154908 0.766251038929372 8

## Scales for groups
SCALES
1 1.0
2 2.0
3 3.0

## Colors for groups
COLORS
1 128 128 128
2 128 128 0
3 255 255 0

## Two lines
LINES
1 9906 9805 9639
2 9609 957 10027

## 8 gridpoints 
GRIDPOINTS
0 -1 -1 -1
1 1 -1 -1
2 1 1 -1
3 -1 1 -1
4 -1 -1 1
5 1 -1 1
6 1 1 1
7 -1 1 1
